i manipulation landmark (start) = 0.0016601878846776808
i manipulation landmark (end) = 0.12441704459561603
u manipulation landmark (start) = 0.005718253968253969
u manipulation landmark (end) = 0.14001275510204084
	T-step 	1	2	3	4	5	6	7	8	9	10	11	12	13	14	15	16	17	18	19	20	21	22	23	24	25	26	27	28	29	30	
Step	Formant	0	0.004	0.008	0.013	0.017	0.021	0.025	0.030	0.034	0.038	0.042	0.047	0.051	0.055	0.059	0.063	0.068	0.072	0.076	0.080	0.085	0.089	0.093	0.097	0.102	0.106	0.110	0.114	0.119	0.123	
1	1	265	265	265	265	265	265	265	265	265	265	265	261	258	254	251	249	249	249	254	260	262	262	262	262	262	262	262	262	262	262	
1	2	2434	2434	2434	2434	2434	2434	2434	2434	2434	2434	2434	2435	2435	2440	2447	2454	2465	2475	2493	2512	2519	2519	2519	2519	2519	2519	2519	2519	2519	2519	
1	3	2983	2983	2983	2983	2983	2983	2983	2983	2983	2983	2983	2986	2988	2989	2989	2992	3000	3008	3013	3018	3020	3020	3020	3020	3020	3020	3020	3020	3020	3020	
1	4	3694	3694	3694	3694	3694	3694	3694	3694	3694	3694	3694	3705	3716	3733	3752	3760	3748	3736	3794	3854	3877	3877	3877	3877	3877	3877	3877	3877	3877	3877	
2	1	265	265	265	265	265	265	265	265	265	265	265	261	258	254	251	249	249	249	254	260	262	262	262	262	262	262	262	262	262	262	
2	2	2081	2081	2081	2081	2081	2081	2081	2081	2081	2081	2081	2079	2078	2077	2077	2078	2088	2098	2125	2155	2168	2168	2168	2168	2168	2168	2168	2168	2168	2168	
2	3	2983	2983	2983	2983	2983	2983	2983	2983	2983	2983	2983	2986	2988	2989	2989	2992	3000	3008	3013	3018	3020	3020	3020	3020	3020	3020	3020	3020	3020	3020	
2	4	3694	3694	3694	3694	3694	3694	3694	3694	3694	3694	3694	3705	3716	3733	3752	3760	3748	3736	3794	3854	3877	3877	3877	3877	3877	3877	3877	3877	3877	3877	
3	1	265	265	265	265	265	265	265	265	265	265	265	261	258	254	251	249	249	249	254	260	262	262	262	262	262	262	262	262	262	262	
3	2	1781	1781	1781	1781	1781	1781	1781	1781	1781	1781	1781	1777	1774	1769	1764	1762	1771	1780	1813	1850	1868	1868	1868	1868	1868	1868	1868	1868	1868	1868	
3	3	2983	2983	2983	2983	2983	2983	2983	2983	2983	2983	2983	2986	2988	2989	2989	2992	3000	3008	3013	3018	3020	3020	3020	3020	3020	3020	3020	3020	3020	3020	
3	4	3694	3694	3694	3694	3694	3694	3694	3694	3694	3694	3694	3705	3716	3733	3752	3760	3748	3736	3794	3854	3877	3877	3877	3877	3877	3877	3877	3877	3877	3877	
4	1	265	265	265	265	265	265	265	265	265	265	265	261	258	254	251	249	249	249	254	260	262	262	262	262	262	262	262	262	262	262	
4	2	1522	1522	1522	1522	1522	1522	1522	1522	1522	1522	1522	1517	1512	1505	1496	1491	1499	1508	1545	1587	1609	1609	1609	1609	1609	1609	1609	1609	1609	1609	
4	3	2983	2983	2983	2983	2983	2983	2983	2983	2983	2983	2983	2986	2988	2989	2989	2992	3000	3008	3013	3018	3020	3020	3020	3020	3020	3020	3020	3020	3020	3020	
4	4	3694	3694	3694	3694	3694	3694	3694	3694	3694	3694	3694	3705	3716	3733	3752	3760	3748	3736	3794	3854	3877	3877	3877	3877	3877	3877	3877	3877	3877	3877	
5	1	265	265	265	265	265	265	265	265	265	265	265	261	258	254	251	249	249	249	254	260	262	262	262	262	262	262	262	262	262	262	
5	2	1296	1296	1296	1296	1296	1296	1296	1296	1296	1296	1296	1291	1285	1276	1264	1257	1265	1273	1313	1359	1382	1382	1382	1382	1382	1382	1382	1382	1382	1382	
5	3	2983	2983	2983	2983	2983	2983	2983	2983	2983	2983	2983	2986	2988	2989	2989	2992	3000	3008	3013	3018	3020	3020	3020	3020	3020	3020	3020	3020	3020	3020	
5	4	3694	3694	3694	3694	3694	3694	3694	3694	3694	3694	3694	3705	3716	3733	3752	3760	3748	3736	3794	3854	3877	3877	3877	3877	3877	3877	3877	3877	3877	3877	
6	1	265	265	265	265	265	265	265	265	265	265	265	261	258	254	251	249	249	249	254	260	262	262	262	262	262	262	262	262	262	262	
6	2	1099	1099	1099	1099	1099	1099	1099	1099	1099	1099	1099	1092	1086	1075	1062	1052	1060	1068	1109	1158	1183	1183	1183	1183	1183	1183	1183	1183	1183	1183	
6	3	2983	2983	2983	2983	2983	2983	2983	2983	2983	2983	2983	2986	2988	2989	2989	2992	3000	3008	3013	3018	3020	3020	3020	3020	3020	3020	3020	3020	3020	3020	
6	4	3694	3694	3694	3694	3694	3694	3694	3694	3694	3694	3694	3705	3716	3733	3752	3760	3748	3736	3794	3854	3877	3877	3877	3877	3877	3877	3877	3877	3877	3877	
7	1	265	265	265	265	265	265	265	265	265	265	265	261	258	254	251	249	249	249	254	260	262	262	262	262	262	262	262	262	262	262	
7	2	923	923	923	923	923	923	923	923	923	923	923	917	910	898	883	873	880	887	930	980	1006	1006	1006	1006	1006	1006	1006	1006	1006	1006	
7	3	2983	2983	2983	2983	2983	2983	2983	2983	2983	2983	2983	2986	2988	2989	2989	2992	3000	3008	3013	3018	3020	3020	3020	3020	3020	3020	3020	3020	3020	3020	
7	4	3694	3694	3694	3694	3694	3694	3694	3694	3694	3694	3694	3705	3716	3733	3752	3760	3748	3736	3794	3854	3877	3877	3877	3877	3877	3877	3877	3877	3877	3877	


Continuum script setup information
7	steps in the continuum
4	formants analyzed
4300	maximum frequency for formant analysis
75	minimum pitch for analysis
250	maximum pitch for analysis

Which formants were modified: (1 is yes, 0 is no)
   F1: 0
   F2: 1
   F3: 0
   F4: 0

   Bandwidth override: 1
     F1BW = 70
     F2BW = 85
     F3BW = 140
     F4BW = 160


4000	crossover frequency to restore original signal
500	width of crossover filter
73	final intensity for new sounds

parent directory:	C:\Users\Matt\Desktop\Speech_continua
sub-directory:		Hid_30
filename prefix:	Step_

p_asp was used as the precursor file
f was used as the postcursor file

Start of manipulation (base sound): 0.0016601878846776808
End of manipulation (base sound): 0.12441704459561603
Start of manipulation (comparison sound): 0.005718253968253969
End of manipulation (comparison sound): 0.14001275510204084

Original sampling fequency: 44100

LPC order: 10
LPC resample rate: 8600
LPC decimation factor: 5.127906976744186
