i manipulation landmark (start) = 0.005839002267573696
i manipulation landmark (end) = 0.12245606575963719
u manipulation landmark (start) = 0.005718253968253969
u manipulation landmark (end) = 0.14001275510204084
	T-step 	1	2	3	4	5	6	7	8	9	10	11	12	13	14	15	16	17	18	19	20	21	22	23	24	25	26	27	28	29	30	
Step	Formant	0	0.004	0.008	0.012	0.016	0.020	0.024	0.028	0.032	0.036	0.040	0.044	0.048	0.052	0.056	0.060	0.064	0.068	0.072	0.076	0.080	0.084	0.088	0.092	0.097	0.101	0.105	0.109	0.113	0.117	
1	1	265	265	265	265	265	265	265	265	265	265	263	260	256	253	250	249	249	250	255	260	262	262	262	262	262	262	262	262	262	262	
1	2	2434	2434	2434	2434	2434	2434	2434	2434	2434	2434	2434	2435	2436	2442	2448	2457	2467	2478	2495	2513	2519	2519	2519	2519	2519	2519	2519	2519	2519	2519	
1	3	2983	2983	2983	2983	2983	2983	2983	2983	2983	2983	2985	2987	2989	2989	2989	2994	3001	3009	3013	3018	3020	3020	3020	3020	3020	3020	3020	3020	3020	3020	
1	4	3694	3694	3694	3694	3694	3694	3694	3694	3694	3694	3700	3710	3721	3739	3757	3757	3746	3743	3800	3856	3877	3877	3877	3877	3877	3877	3877	3877	3877	3877	
2	1	265	265	265	265	265	265	265	265	265	265	263	260	256	253	250	249	249	250	255	260	262	262	262	262	262	262	262	262	262	262	
2	2	2083	2083	2083	2083	2083	2083	2083	2083	2083	2083	2081	2077	2074	2072	2070	2074	2080	2091	2120	2149	2158	2158	2158	2158	2158	2158	2158	2158	2158	2158	
2	3	2983	2983	2983	2983	2983	2983	2983	2983	2983	2983	2985	2987	2989	2989	2989	2994	3001	3009	3013	3018	3020	3020	3020	3020	3020	3020	3020	3020	3020	3020	
2	4	3694	3694	3694	3694	3694	3694	3694	3694	3694	3694	3700	3710	3721	3739	3757	3757	3746	3743	3800	3856	3877	3877	3877	3877	3877	3877	3877	3877	3877	3877	
3	1	265	265	265	265	265	265	265	265	265	265	263	260	256	253	250	249	249	250	255	260	262	262	262	262	262	262	262	262	262	262	
3	2	1784	1784	1784	1784	1784	1784	1784	1784	1784	1784	1780	1773	1766	1759	1752	1752	1755	1766	1803	1840	1850	1850	1850	1850	1850	1850	1850	1850	1850	1850	
3	3	2983	2983	2983	2983	2983	2983	2983	2983	2983	2983	2985	2987	2989	2989	2989	2994	3001	3009	3013	3018	3020	3020	3020	3020	3020	3020	3020	3020	3020	3020	
3	4	3694	3694	3694	3694	3694	3694	3694	3694	3694	3694	3700	3710	3721	3739	3757	3757	3746	3743	3800	3856	3877	3877	3877	3877	3877	3877	3877	3877	3877	3877	
4	1	265	265	265	265	265	265	265	265	265	265	263	260	256	253	250	249	249	250	255	260	262	262	262	262	262	262	262	262	262	262	
4	2	1527	1527	1527	1527	1527	1527	1527	1527	1527	1527	1521	1512	1503	1492	1481	1478	1479	1489	1532	1574	1585	1585	1585	1585	1585	1585	1585	1585	1585	1585	
4	3	2983	2983	2983	2983	2983	2983	2983	2983	2983	2983	2985	2987	2989	2989	2989	2994	3001	3009	3013	3018	3020	3020	3020	3020	3020	3020	3020	3020	3020	3020	
4	4	3694	3694	3694	3694	3694	3694	3694	3694	3694	3694	3700	3710	3721	3739	3757	3757	3746	3743	3800	3856	3877	3877	3877	3877	3877	3877	3877	3877	3877	3877	
5	1	265	265	265	265	265	265	265	265	265	265	263	260	256	253	250	249	249	250	255	260	262	262	262	262	262	262	262	262	262	262	
5	2	1302	1302	1302	1302	1302	1302	1302	1302	1302	1302	1295	1285	1274	1260	1246	1242	1241	1251	1297	1343	1355	1355	1355	1355	1355	1355	1355	1355	1355	1355	
5	3	2983	2983	2983	2983	2983	2983	2983	2983	2983	2983	2985	2987	2989	2989	2989	2994	3001	3009	3013	3018	3020	3020	3020	3020	3020	3020	3020	3020	3020	3020	
5	4	3694	3694	3694	3694	3694	3694	3694	3694	3694	3694	3700	3710	3721	3739	3757	3757	3746	3743	3800	3856	3877	3877	3877	3877	3877	3877	3877	3877	3877	3877	
6	1	265	265	265	265	265	265	265	265	265	265	263	260	256	253	250	249	249	250	255	260	262	262	262	262	262	262	262	262	262	262	
6	2	1105	1105	1105	1105	1105	1105	1105	1105	1105	1105	1097	1085	1073	1057	1041	1035	1034	1043	1092	1140	1153	1153	1153	1153	1153	1153	1153	1153	1153	1153	
6	3	2983	2983	2983	2983	2983	2983	2983	2983	2983	2983	2985	2987	2989	2989	2989	2994	3001	3009	3013	3018	3020	3020	3020	3020	3020	3020	3020	3020	3020	3020	
6	4	3694	3694	3694	3694	3694	3694	3694	3694	3694	3694	3700	3710	3721	3739	3757	3757	3746	3743	3800	3856	3877	3877	3877	3877	3877	3877	3877	3877	3877	3877	
7	1	265	265	265	265	265	265	265	265	265	265	263	260	256	253	250	249	249	250	255	260	262	262	262	262	262	262	262	262	262	262	
7	2	930	930	930	930	930	930	930	930	930	930	922	909	896	879	861	854	852	861	911	961	974	974	974	974	974	974	974	974	974	974	
7	3	2983	2983	2983	2983	2983	2983	2983	2983	2983	2983	2985	2987	2989	2989	2989	2994	3001	3009	3013	3018	3020	3020	3020	3020	3020	3020	3020	3020	3020	3020	
7	4	3694	3694	3694	3694	3694	3694	3694	3694	3694	3694	3700	3710	3721	3739	3757	3757	3746	3743	3800	3856	3877	3877	3877	3877	3877	3877	3877	3877	3877	3877	


Continuum script setup information
7	steps in the continuum
4	formants analyzed
4300	maximum frequency for formant analysis
75	minimum pitch for analysis
250	maximum pitch for analysis

Which formants were modified: (1 is yes, 0 is no)
   F1: 0
   F2: 1
   F3: 0
   F4: 0

   Bandwidth override: 1
     F1BW = 70
     F2BW = 85
     F3BW = 140
     F4BW = 160


4000	crossover frequency to restore original signal
500	width of crossover filter
73	final intensity for new sounds

parent directory:	C:\Users\Matt\Desktop\Speech_continua
sub-directory:		Hid_30
filename prefix:	Step_

p_unasp was used as the precursor file
f was used as the postcursor file

Start of manipulation (base sound): 0.005839002267573696
End of manipulation (base sound): 0.12245606575963719
Start of manipulation (comparison sound): 0.005718253968253969
End of manipulation (comparison sound): 0.14001275510204084

Original sampling fequency: 44100

LPC order: 10
LPC resample rate: 8600
LPC decimation factor: 5.127906976744186
